%YAML:1.0

# TorWIC interactive viz — same calibration as orb_torwic_azure.yaml, lighter ORB load.
# Benchmarks use orb_torwic_azure.yaml (full quality).

File.version: "1.0"

Camera.type: "PinHole"

Camera1.fx: 621.397474651
Camera1.fy: 620.649424677
Camera1.cx: 649.644481364
Camera1.cy: 367.908146432
Camera1.k1: 0.0754678811883
Camera1.k2: -0.0314893098111
Camera1.p1: 0.00101924098521
Camera1.p2: 0.00209529701722382
Camera1.k3: -0.000935223936623

Camera2.fx: 613.100554294
Camera2.fy: 613.903691841
Camera2.cx: 638.08683216
Camera2.cy: 378.314715743
Camera2.k1: 0.087336570723
Camera2.k2: -0.0669194159864
Camera2.p1: 0.00495094616996
Camera2.p2: 0.000778746904799
Camera2.k3: 0.0221870772418

Camera.width: 1280
Camera.height: 720
Camera.fps: 15
Camera.RGB: 1

Stereo.ThDepth: 40.0
Stereo.T_c1_c2: !!opencv-matrix
  rows: 4
  cols: 4
  dt: f
  data: [0.65225537, -0.021331488, 0.7576991, 0.15429033,
         -0.0037587938, 0.99950064, 0.031374671, -0.0072570975,
         -0.75799, -0.02331234, 0.65184949, -0.13416682,
         0, 0, 0, 1]

IMU.T_b_c1: !!opencv-matrix
  rows: 4
  cols: 4
  dt: f
  data: [-0.0034433879, -0.99999335, 0.0012076967, -0.0286307,
         0.00043690742, 0.0012061931, 0.99999918, -0.0031187,
         -0.99999398, 0.0034439066, 0.00043274498, -0.0472054,
         0, 0, 0, 1]

IMU.NoiseGyro: 1.0e-03
IMU.NoiseAcc: 1.0e-02
IMU.GyroWalk: 1.0e-05
IMU.AccWalk: 1.0e-03
IMU.Frequency: 200.0

ORBextractor.nFeatures: 800
ORBextractor.scaleFactor: 1.2
ORBextractor.nLevels: 6
ORBextractor.iniThFAST: 25
ORBextractor.minThFAST: 9

Viewer.KeyFrameSize: 0.05
Viewer.KeyFrameLineWidth: 1.0
Viewer.GraphLineWidth: 0.9
Viewer.PointSize: 2.0
Viewer.CameraSize: 0.08
Viewer.CameraLineWidth: 3.0
Viewer.ViewpointX: 0.0
Viewer.ViewpointY: -0.7
Viewer.ViewpointZ: -3.5
Viewer.ViewpointF: 500.0
